0,12,12,0,0,12,1,233,3,201,32,127,0,0,0,12
,0,0,0,0,5,0,12,1,9,9,3,0,2,128,128,128
,128,128,128,128,0,128,4,3,3,5,0,9,144,144,144,8
,9,9,9,0,2,18,54,54,127,36,108,254,108,72,6,12
,12,7,0,0,32,32,252,228,160,240,124,36,172,248,32,32
,11,9,18,12,0,2,241,0,243,0,146,0,246,0,245,224
,13,224,9,32,25,224,17,224,8,9,9,8,0,2,248,216
,136,248,242,154,132,206,123,1,3,3,2,0,9,128,128,128
,3,12,12,4,0,0,96,64,192,192,128,128,128,128,192,192
,64,96,3,12,12,4,0,0,192,64,96,96,32,32,32,32
,96,96,64,192,5,5,5,7,0,7,32,248,248,248,32,7
,7,7,8,0,2,16,16,16,254,16,16,16,3,4,4,3
,0,0,96,64,192,192,4,1,1,5,0,5,240,1,2,2
,1,0,2,128,128,5,12,12,5,0,0,8,24,24,16,48
,48,32,96,96,64,192,192,6,9,9,8,0,2,120,204,132
,132,132,132,132,204,120,5,9,9,6,0,2,96,224,32,32
,32,32,32,32,248,6,9,9,7,0,2,248,204,132,12,28
,56,64,192,252,6,9,9,7,0,2,248,204,4,4,56,12
,4,204,248,7,9,9,7,0,2,24,56,40,72,136,254,8
,8,8,6,9,9,7,0,2,252,128,128,248,12,4,4,204
,248,6,9,9,7,0,2,56,96,192,248,204,132,132,204,120
,6,9,9,7,0,2,252,12,12,24,24,48,48,96,96,6
,9,9,7,0,2,120,204,132,236,120,140,132,204,120,6,9
,9,8,0,2,120,204,132,132,204,124,12,24,112,1,7,7
,3,0,2,128,128,0,0,0,128,128,3,9,9,4,0,0
,64,64,0,0,0,96,64,192,192,7,9,9,8,0,1,2
,6,28,112,192,112,28,6,2,7,3,3,8,0,5,254,0
,254,7,9,9,8,0,1,128,192,112,28,6,28,112,192,128
,5,9,9,6,0,2,240,152,8,24,48,32,32,0,32,10
,10,20,10,0,1,63,0,115,128,206,192,218,192,146,64,146
,64,222,192,223,192,112,0,62,0,8,9,9,8,0,2,24
,60,60,36,102,66,255,195,129,6,9,9,7,0,2,248,152
,136,152,248,140,132,140,248,7,9,9,8,0,2,62,102,192
,128,128,128,192,102,62,7,9,9,8,0,2,248,140,134,130
,130,130,134,140,248,6,9,9,7,0,2,252,128,128,128,252
,128,128,128,252,6,9,9,6,0,2,252,128,128,128,248,128
,128,128,128,7,9,9,8,0,2,62,102,192,128,142,130,194
,102,62,7,9,9,8,0,2,130,130,130,130,254,130,130,130
,130,3,9,9,3,0,2,224,64,64,64,64,64,64,64,224
,4,9,9,5,0,2,112,16,16,16,16,16,16,48,224,6
,9,9,7,0,2,140,152,176,160,224,240,144,152,140,6,9
,9,6,0,2,128,128,128,128,128,128,128,128,252,8,9,9
,9,0,2,195,195,231,165,189,153,153,129,129,7,9,9,8
,0,2,194,194,162,178,146,154,138,142,134,8,9,9,9,0
,2,60,102,195,129,129,129,195,102,60,6,9,9,7,0,2
,248,140,132,132,140,248,128,128,128,8,11,11,9,0,0,60
,102,195,129,129,129,195,102,62,6,7,7,9,9,7,0,2
,248,140,132,140,248,152,136,132,134,6,9,9,6,0,2,124
,204,128,224,120,12,4,204,248,7,9,9,7,0,2,254,16
,16,16,16,16,16,16,16,7,9,9,7,0,2,130,130,130
,130,130,130,130,198,124,8,9,9,8,0,2,129,195,195,66
,102,102,36,60,24,11,9,18,11,0,2,132,32,132,32,142
,32,202,96,219,96,81,64,113,192,113,192,32,128,7,9,9
,7,0,2,194,102,52,60,24,60,36,102,194,7,9,9,7
,0,2,198,68,108,40,56,16,16,16,16,6,9,9,7,0
,2,252,12,8,16,48,96,64,192,252,3,12,12,3,0,0
,224,128,128,128,128,128,128,128,128,128,128,224,5,12,12,5
,0,0,128,192,64,64,96,32,32,48,16,16,24,8,3,12
,12,4,0,0,224,32,32,32,32,32,32,32,32,32,32,224
,8,4,4,8,0,7,24,60,102,131,8,1,1,9,0,0
,255,2,2,2,6,0,10,192,64,6,7,7,7,0,2,120
,12,4,124,196,204,252,6,10,10,7,0,2,128,128,128,248
,204,132,132,132,204,248,5,7,7,5,0,2,120,200,128,128
,128,200,120,6,10,10,7,0,2,4,4,4,124,196,132,132
,132,204,124,6,7,7,6,0,2,120,204,132,252,128,196,124
,4,10,10,4,0,2,48,96,64,240,64,64,64,64,64,64
,6,9,9,7,0,0,124,204,132,132,132,204,116,12,120,6
,10,10,7,0,2,128,128,128,248,204,132,132,132,132,132,1
,10,10,1,0,2,128,0,0,128,128,128,128,128,128,128,3
,12,12,4,0,0,32,0,0,96,32,32,32,32,32,32,96
,224,6,10,10,6,0,2,128,128,128,140,144,128,192,224,152
,140,1,10,10,2,0,2,128,128,128,128,128,128,128,128,128
,128,9,7,14,10,0,2,255,128,221,128,136,128,136,128,136
,128,136,128,136,128,6,7,7,7,0,2,248,204,132,132,132
,132,132,6,7,7,7,0,2,120,204,132,132,132,204,120,6
,9,9,7,0,0,248,204,132,132,132,140,248,128,128,6,9
,9,7,0,0,124,204,132,132,132,204,124,4,4,4,7,7
,4,0,2,240,192,128,128,128,128,128,5,7,7,5,0,2
,120,200,192,248,24,152,240,5,9,9,5,0,2,64,64,248
,64,64,64,64,96,120,6,7,7,7,0,2,132,132,132,132
,132,204,124,5,7,7,6,0,2,136,136,216,80,112,112,32
,9,7,14,10,0,2,136,128,221,128,93,0,85,0,119,0
,119,0,34,0,6,7,7,6,0,2,140,216,80,32,80,216
,140,5,9,9,6,0,0,136,216,80,80,112,32,32,96,64
,5,7,7,6,0,2,248,24,16,32,64,192,248,5,12,12
,8,0,0,56,48,32,32,96,192,96,32,32,32,48,56,1
,12,12,4,0,0,128,128,128,128,128,128,128,128,128,128,128
,128,5,12,12,6,0,0,224,96,32,32,48,24,48,32,32
,32,96,224,8,3,3,8,0,4,113,219,142,7,1,1,7
,0,0,254